left:
fx:1398.86444002732	fy:1398.34869364796
cx:987.124209518807	cy:519.595010225702
k1:-0.155441475258618	
k2:-0.0229285300902530

right
fx:1397.63208070370	fy:1397.11925234368
cx:994.059221108932	cy:547.780335048299
k1:-0.156200914553175	
k2:-0.0190275894491009
